0.000181192          0
0.000550322          0
0.000933193          0
0.00133032          0
0.00174222          0
0.00216946          0
0.00261261          0
0.00307224          0
0.00354899          0
0.00404349          0
 0.0045564          0
0.00508839          0
0.00564019          0
0.00621254          0
0.00680618          0
0.00742193          0
 0.0080606          0
0.00872304          0
0.00941014          0
 0.0101228          0
  0.010862          0
 0.0116287          0
  0.012424          0
 0.0132489          0
 0.0141045          0
 0.0149919          0
 0.0159123          0
 0.0168671          0
 0.0178573          0
 0.0188845          0
 0.0199498          0
 0.0210548          0
  0.022201          0
 0.0233898          0
 0.0246229          0
 0.0259019          0
 0.0272284          0
 0.0286044          0
 0.0300316          0
 0.0315119          0
 0.0330473          0
 0.0346399          0
 0.0362918          0
 0.0380051          0
 0.0397822          0
 0.0416255          0
 0.0435374          0
 0.0455205          0
 0.0475774          0
 0.0497108          0
 0.0519237          0
  0.054219          0
 0.0565997          0
  0.059069          0
 0.0616302          0
 0.0642868          0
 0.0670422          0
 0.0699003          0
 0.0728647          0
 0.0759395          0
 0.0791287          0
 0.0824367          0
 0.0858678          0
 0.0894266          0
 0.0931179          0
 0.0969466          0
  0.100918          0
  0.105037          0
  0.109309          0
  0.113741          0
  0.118337          0
  0.123105          0
   0.12805          0
  0.133179          0
  0.138499          0
  0.144017          0
   0.14974          0
  0.155677          0
  0.161834          0
  0.168221          0
  0.174845          0
  0.181716          0
  0.188843          0
  0.196235          0
  0.203902          0
  0.211855          0
  0.220104          0
  0.228659          0
  0.237534          0
  0.246738          0
  0.256285          0
  0.266188          0
  0.276459          0
  0.287113          0
  0.298163          0
  0.309625          0
  0.321513          0
  0.333844          0
  0.346633          0
  0.359899          0
  0.373659          0
  0.387931          0
  0.402734          0
  0.418088          0
  0.434014          0
  0.450532          0
  0.467666          0
  0.485437          0
   0.50387          0
  0.522989          0
   0.54282          0
  0.563388          0
  0.584723          0
  0.606852          0
  0.629804          0
  0.653611          0
  0.678304          0
  0.703917          0
  0.730482          0
  0.758037          0
  0.786617          0
  0.816262          0
   0.84701          0
  0.878902          0
  0.911982          0
  0.946293          0
  0.981881          0
   1.01812          0
   1.05371          0
   1.08802          0
    1.1211          0
   1.15299          0
   1.18374          0
   1.21338          0
   1.24196          0
   1.26952          0
   1.29608          0
    1.3217          0
   1.34639          0
    1.3702          0
   1.39315          0
   1.41528          0
   1.43661          0
   1.45718          0
   1.47701          0
   1.49613          0
   1.51456          0
   1.53233          0
   1.54947          0
   1.56599          0
   1.58191          0
   1.59727          0
   1.61207          0
   1.62634          0
    1.6401          0
   1.65337          0
   1.66616          0
   1.67849          0
   1.69038          0
   1.70184          0
   1.71289          0
   1.72354          0
   1.73381          0
   1.74371          0
   1.75326          0
   1.76247          0
   1.77134          0
    1.7799          0
   1.78815          0
    1.7961          0
   1.80377          0
   1.81116          0
   1.81828          0
   1.82515          0
   1.83178          0
   1.83817          0
   1.84432          0
   1.85026          0
   1.85598          0
    1.8615          0
   1.86682          0
   1.87195          0
    1.8769          0
   1.88166          0
   1.88626          0
   1.89069          0
   1.89496          0
   1.89908          0
   1.90305          0
   1.90688          0
   1.91057          0
   1.91413          0
   1.91756          0
   1.92087          0
   1.92406          0
   1.92714          0
    1.9301          0
   1.93296          0
   1.93571          0
   1.93837          0
   1.94093          0
    1.9434          0
   1.94578          0
   1.94808          0
   1.95029          0
   1.95242          0
   1.95448          0
   1.95646          0
   1.95837          0
   1.96022          0
   1.96199          0
   1.96371          0
   1.96536          0
   1.96695          0
   1.96849          0
   1.96997          0
    1.9714          0
   1.97277          0
    1.9741          0
   1.97538          0
   1.97661          0
    1.9778          0
   1.97895          0
   1.98005          0
   1.98112          0
   1.98214          0
   1.98313          0
   1.98409          0
   1.98501          0
    1.9859          0
   1.98675          0
   1.98758          0
   1.98837          0
   1.98914          0
   1.98988          0
   1.99059          0
   1.99128          0
   1.99194          0
   1.99258          0
   1.99319          0
   1.99379          0
   1.99436          0
   1.99491          0
   1.99544          0
   1.99596          0
   1.99645          0
   1.99693          0
   1.99739          0
   1.99783          0
   1.99826          0
   1.99867          0
   1.99907          0
   1.99945          0
   1.99982          0
