0.000181192 -9.65057e-14
0.000550322 -8.207e-12
0.000933193 -6.77974e-11
0.00133032 -2.79673e-10
0.00174222 -8.21574e-10
0.00216946 -1.97215e-09
0.00261261 -4.14019e-09
0.00307224 -7.90013e-09
0.00354899 -1.40346e-08
0.00404349 -2.35855e-08
 0.0045564 -3.7914e-08
0.00508839 -5.87716e-08
0.00564019 -8.83817e-08
0.00621254 -1.29534e-07
0.00680618 -1.85688e-07
0.00742193 -2.61091e-07
 0.0080606 -3.609e-07
0.00872304 -4.91309e-07
0.00941014 -6.5967e-07
 0.0101228 -8.74594e-07
  0.010862 -1.14603e-06
 0.0116287 -1.48526e-06
  0.012424 -1.90485e-06
 0.0132489 -2.41845e-06
 0.0141045 -3.04045e-06
 0.0149919 -3.78544e-06
 0.0159123 -4.66748e-06
 0.0168671 -5.69913e-06
 0.0178573 -6.89033e-06
 0.0188845 -8.24715e-06
 0.0199498 -9.77052e-06
 0.0210548 -1.14553e-05
  0.022201 -1.32893e-05
 0.0233898 -1.52538e-05
 0.0246229 -1.73233e-05
 0.0259019 -1.94674e-05
 0.0272284 -2.16519e-05
 0.0286044 -2.38418e-05
 0.0300316 -2.60027e-05
 0.0315119 -2.81032e-05
 0.0330473 -3.01165e-05
 0.0346399 -3.20213e-05
 0.0362918 -3.38019e-05
 0.0380051 -3.54486e-05
 0.0397822 -3.69569e-05
 0.0416255 -3.83263e-05
 0.0435374 -3.95604e-05
 0.0455205 -4.06648e-05
 0.0475774 -4.16472e-05
 0.0497108 -4.25162e-05
 0.0519237 -4.3281e-05
  0.054219 -4.39508e-05
 0.0565997 -4.45344e-05
  0.059069 -4.50403e-05
 0.0616302 -4.54763e-05
 0.0642868 -4.58494e-05
 0.0670422 -4.61661e-05
 0.0699003 -4.64321e-05
 0.0728647 -4.66526e-05
 0.0759395 -4.68318e-05
 0.0791287 -4.69738e-05
 0.0824367 -4.70819e-05
 0.0858678 -4.71589e-05
 0.0894266 -4.72074e-05
 0.0931179 -4.72296e-05
 0.0969466 -4.72271e-05
  0.100918 -4.72017e-05
  0.105037 -4.71544e-05
  0.109309 -4.70865e-05
  0.113741 -4.69987e-05
  0.118337 -4.68918e-05
  0.123105 -4.67664e-05
   0.12805 -4.66229e-05
  0.133179 -4.64616e-05
  0.138499 -4.62827e-05
  0.144017 -4.60864e-05
   0.14974 -4.58727e-05
  0.155677 -4.56417e-05
  0.161834 -4.53932e-05
  0.168221 -4.5127e-05
  0.174845 -4.48431e-05
  0.181716 -4.45412e-05
  0.188843 -4.4221e-05
  0.196235 -4.38821e-05
  0.203902 -4.35241e-05
  0.211855 -4.31468e-05
  0.220104 -4.27496e-05
  0.228659 -4.2332e-05
  0.237534 -4.18935e-05
  0.246738 -4.14337e-05
  0.256285 -4.09518e-05
  0.266188 -4.04473e-05
  0.276459 -3.99195e-05
  0.287113 -3.93678e-05
  0.298163 -3.87913e-05
  0.309625 -3.81895e-05
  0.321513 -3.75614e-05
  0.333844 -3.69063e-05
  0.346633 -3.62233e-05
  0.359899 -3.55115e-05
  0.373659 -3.477e-05
  0.387931 -3.39978e-05
  0.402734 -3.31939e-05
  0.418088 -3.23572e-05
  0.434014 -3.14868e-05
  0.450532 -3.05813e-05
  0.467666 -2.96398e-05
  0.485437 -2.86609e-05
   0.50387 -2.76434e-05
  0.522989 -2.6586e-05
   0.54282 -2.54874e-05
  0.563388 -2.43461e-05
  0.584723 -2.31607e-05
  0.606852 -2.19297e-05
  0.629804 -2.06516e-05
  0.653611 -1.93247e-05
  0.678304 -1.79473e-05
  0.703917 -1.65179e-05
  0.730482 -1.50347e-05
  0.758037 -1.34957e-05
  0.786617 -1.18993e-05
  0.816262 -1.02435e-05
   0.84701 -8.52635e-06
  0.878902 -6.74589e-06
  0.911982 -4.90012e-06
  0.946293 -2.98676e-06
  0.981881 -1.00638e-06
   1.01812 1.00638e-06
   1.05371 2.98675e-06
   1.08802 4.90011e-06
    1.1211 6.74589e-06
   1.15299 8.52634e-06
   1.18374 1.02435e-05
   1.21338 1.18993e-05
   1.24196 1.34957e-05
   1.26952 1.50347e-05
   1.29608 1.65179e-05
    1.3217 1.79473e-05
   1.34639 1.93246e-05
    1.3702 2.06516e-05
   1.39315 2.19297e-05
   1.41528 2.31607e-05
   1.43661 2.43461e-05
   1.45718 2.54874e-05
   1.47701 2.6586e-05
   1.49613 2.76434e-05
   1.51456 2.86609e-05
   1.53233 2.96398e-05
   1.54947 3.05813e-05
   1.56599 3.14867e-05
   1.58191 3.23572e-05
   1.59727 3.31938e-05
   1.61207 3.39977e-05
   1.62634  3.477e-05
    1.6401 3.55115e-05
   1.65337 3.62233e-05
   1.66616 3.69063e-05
   1.67849 3.75614e-05
   1.69038 3.81895e-05
   1.70184 3.87913e-05
   1.71289 3.93677e-05
   1.72354 3.99195e-05
   1.73381 4.04473e-05
   1.74371 4.09518e-05
   1.75326 4.14337e-05
   1.76247 4.18935e-05
   1.77134 4.2332e-05
    1.7799 4.27496e-05
   1.78815 4.31468e-05
    1.7961 4.35241e-05
   1.80377 4.3882e-05
   1.81116 4.4221e-05
   1.81828 4.45412e-05
   1.82515 4.48431e-05
   1.83178 4.5127e-05
   1.83817 4.53932e-05
   1.84432 4.56417e-05
   1.85026 4.58727e-05
   1.85598 4.60864e-05
    1.8615 4.62827e-05
   1.86682 4.64616e-05
   1.87195 4.66229e-05
    1.8769 4.67664e-05
   1.88166 4.68918e-05
   1.88626 4.69987e-05
   1.89069 4.70865e-05
   1.89496 4.71544e-05
   1.89908 4.72017e-05
   1.90305 4.72271e-05
   1.90688 4.72296e-05
   1.91057 4.72074e-05
   1.91413 4.71589e-05
   1.91756 4.70819e-05
   1.92087 4.69738e-05
   1.92406 4.68318e-05
   1.92714 4.66526e-05
    1.9301 4.64321e-05
   1.93296 4.61661e-05
   1.93571 4.58494e-05
   1.93837 4.54763e-05
   1.94093 4.50403e-05
    1.9434 4.45344e-05
   1.94578 4.39508e-05
   1.94808 4.3281e-05
   1.95029 4.25162e-05
   1.95242 4.16472e-05
   1.95448 4.06648e-05
   1.95646 3.95604e-05
   1.95837 3.83263e-05
   1.96022 3.69569e-05
   1.96199 3.54486e-05
   1.96371 3.38019e-05
   1.96536 3.20213e-05
   1.96695 3.01165e-05
   1.96849 2.81032e-05
   1.96997 2.60027e-05
    1.9714 2.38418e-05
   1.97277 2.16519e-05
    1.9741 1.94674e-05
   1.97538 1.73233e-05
   1.97661 1.52538e-05
    1.9778 1.32893e-05
   1.97895 1.14553e-05
   1.98005 9.77052e-06
   1.98112 8.24715e-06
   1.98214 6.89033e-06
   1.98313 5.69913e-06
   1.98409 4.66748e-06
   1.98501 3.78544e-06
    1.9859 3.04045e-06
   1.98675 2.41845e-06
   1.98758 1.90485e-06
   1.98837 1.48526e-06
   1.98914 1.14603e-06
   1.98988 8.74594e-07
   1.99059 6.5967e-07
   1.99128 4.91309e-07
   1.99194  3.609e-07
   1.99258 2.61091e-07
   1.99319 1.85688e-07
   1.99379 1.29534e-07
   1.99436 8.83817e-08
   1.99491 5.87716e-08
   1.99544 3.7914e-08
   1.99596 2.35855e-08
   1.99645 1.40346e-08
   1.99693 7.90013e-09
   1.99739 4.1402e-09
   1.99783 1.97215e-09
   1.99826 8.21574e-10
   1.99867 2.79673e-10
   1.99907 6.77975e-11
   1.99945 8.20701e-12
   1.99982 9.65057e-14
