0.000181192 0.000519479
0.000550322 0.00157739
0.000933193 0.00267425
0.00133032 0.00381147
0.00174222 0.00499051
0.00216946 0.00621287
0.00261261 0.00748008
0.00307224 0.00879374
0.00354899  0.0101555
0.00404349  0.0115669
 0.0045564  0.0130298
0.00508839  0.0145457
0.00564019  0.0161164
0.00621254  0.0177435
0.00680618  0.0194285
0.00742193  0.0211731
 0.0080606  0.0229784
0.00872304  0.0248457
0.00941014  0.0267759
 0.0101228  0.0287695
  0.010862  0.0308265
 0.0116287  0.0329464
  0.012424  0.0351281
 0.0132489  0.0373696
 0.0141045  0.0396679
 0.0149919  0.0420188
 0.0159123   0.044417
 0.0168671  0.0468558
 0.0178573  0.0493272
 0.0188845  0.0518215
 0.0199498  0.0543282
 0.0210548  0.0568355
  0.022201  0.0593308
 0.0233898  0.0618014
 0.0246229  0.0642345
 0.0259019   0.066618
 0.0272284   0.068941
 0.0286044   0.071194
 0.0300316  0.0733692
 0.0315119  0.0754611
 0.0330473  0.0774659
 0.0346399   0.079382
 0.0362918  0.0812093
 0.0380051  0.0829495
 0.0397822  0.0846054
 0.0416255  0.0861807
 0.0435374  0.0876799
 0.0455205  0.0891079
 0.0475774  0.0904696
 0.0497108  0.0917704
 0.0519237  0.0930152
  0.054219   0.094209
 0.0565997  0.0953563
  0.059069  0.0964617
 0.0616302  0.0975292
 0.0642868  0.0985625
 0.0670422  0.0995652
 0.0699003    0.10054
 0.0728647   0.101491
 0.0759395   0.102419
 0.0791287   0.103328
 0.0824367    0.10422
 0.0858678   0.105096
 0.0894266   0.105958
 0.0931179   0.106807
 0.0969466   0.107646
  0.100918   0.108476
  0.105037   0.109297
  0.109309   0.110111
  0.113741   0.110919
  0.118337   0.111721
  0.123105   0.112518
   0.12805   0.113311
  0.133179   0.114101
  0.138499   0.114888
  0.144017   0.115672
   0.14974   0.116455
  0.155677   0.117237
  0.161834   0.118017
  0.168221   0.118796
  0.174845   0.119576
  0.181716   0.120355
  0.188843   0.121134
  0.196235   0.121913
  0.203902   0.122693
  0.211855   0.123474
  0.220104   0.124255
  0.228659   0.125037
  0.237534    0.12582
  0.246738   0.126604
  0.256285   0.127389
  0.266188   0.128175
  0.276459   0.128962
  0.287113    0.12975
  0.298163   0.130539
  0.309625   0.131328
  0.321513   0.132117
  0.333844   0.132907
  0.346633   0.133697
  0.359899   0.134486
  0.373659   0.135274
  0.387931   0.136061
  0.402734   0.136847
  0.418088    0.13763
  0.434014    0.13841
  0.450532   0.139186
  0.467666   0.139957
  0.485437   0.140723
   0.50387   0.141483
  0.522989   0.142234
   0.54282   0.142976
  0.563388   0.143706
  0.584723   0.144424
  0.606852   0.145127
  0.629804   0.145813
  0.653611   0.146479
  0.678304   0.147121
  0.703917   0.147737
  0.730482   0.148322
  0.758037   0.148872
  0.786617   0.149382
  0.816262   0.149845
   0.84701   0.150254
  0.878902   0.150602
  0.911982    0.15088
  0.946293   0.151077
  0.981881   0.151182
   1.01812   0.151182
   1.05371   0.151077
   1.08802    0.15088
    1.1211   0.150602
   1.15299   0.150254
   1.18374   0.149845
   1.21338   0.149382
   1.24196   0.148872
   1.26952   0.148322
   1.29608   0.147737
    1.3217   0.147121
   1.34639   0.146479
    1.3702   0.145813
   1.39315   0.145127
   1.41528   0.144424
   1.43661   0.143706
   1.45718   0.142976
   1.47701   0.142234
   1.49613   0.141483
   1.51456   0.140723
   1.53233   0.139957
   1.54947   0.139186
   1.56599    0.13841
   1.58191    0.13763
   1.59727   0.136847
   1.61207   0.136061
   1.62634   0.135274
    1.6401   0.134486
   1.65337   0.133697
   1.66616   0.132907
   1.67849   0.132117
   1.69038   0.131328
   1.70184   0.130539
   1.71289    0.12975
   1.72354   0.128962
   1.73381   0.128175
   1.74371   0.127389
   1.75326   0.126604
   1.76247    0.12582
   1.77134   0.125037
    1.7799   0.124255
   1.78815   0.123474
    1.7961   0.122693
   1.80377   0.121913
   1.81116   0.121134
   1.81828   0.120355
   1.82515   0.119576
   1.83178   0.118796
   1.83817   0.118017
   1.84432   0.117237
   1.85026   0.116455
   1.85598   0.115672
    1.8615   0.114888
   1.86682   0.114101
   1.87195   0.113311
    1.8769   0.112518
   1.88166   0.111721
   1.88626   0.110919
   1.89069   0.110111
   1.89496   0.109297
   1.89908   0.108476
   1.90305   0.107647
   1.90688   0.106807
   1.91057   0.105958
   1.91413   0.105096
   1.91756    0.10422
   1.92087   0.103328
   1.92406   0.102419
   1.92714   0.101491
    1.9301    0.10054
   1.93296  0.0995652
   1.93571  0.0985625
   1.93837  0.0975292
   1.94093  0.0964617
    1.9434  0.0953563
   1.94578   0.094209
   1.94808  0.0930152
   1.95029  0.0917704
   1.95242  0.0904696
   1.95448  0.0891079
   1.95646  0.0876799
   1.95837  0.0861807
   1.96022  0.0846054
   1.96199  0.0829496
   1.96371  0.0812093
   1.96536   0.079382
   1.96695  0.0774659
   1.96849  0.0754611
   1.96997  0.0733692
    1.9714   0.071194
   1.97277   0.068941
    1.9741   0.066618
   1.97538  0.0642345
   1.97661  0.0618014
    1.9778  0.0593308
   1.97895  0.0568355
   1.98005  0.0543282
   1.98112  0.0518215
   1.98214  0.0493272
   1.98313  0.0468558
   1.98409   0.044417
   1.98501  0.0420188
    1.9859  0.0396679
   1.98675  0.0373696
   1.98758  0.0351282
   1.98837  0.0329464
   1.98914  0.0308265
   1.98988  0.0287695
   1.99059  0.0267759
   1.99128  0.0248457
   1.99194  0.0229784
   1.99258  0.0211731
   1.99319  0.0194285
   1.99379  0.0177435
   1.99436  0.0161164
   1.99491  0.0145457
   1.99544  0.0130298
   1.99596  0.0115669
   1.99645  0.0101555
   1.99693 0.00879374
   1.99739 0.00748008
   1.99783 0.00621287
   1.99826 0.00499051
   1.99867 0.00381147
   1.99907 0.00267425
   1.99945 0.00157739
   1.99982 0.000519479
