0.000181192 9.8427e-09
0.000550322 1.74616e-09
0.000933193 2.81101e-09
0.00133032 9.35551e-09
0.00174222 2.51177e-08
0.00216946 5.58109e-08
0.00261261 1.08901e-07
0.00307224 1.93806e-07
0.00354899 3.22188e-07
0.00404349 5.08299e-07
 0.0045564 7.69357e-07
0.00508839 1.12594e-06
0.00564019 1.60238e-06
0.00621254 2.2271e-06
0.00680618 3.03281e-06
0.00742193 4.05656e-06
 0.0080606 5.33937e-06
0.00872304 6.92545e-06
0.00941014 8.86069e-06
 0.0101228 1.11904e-05
  0.010862 1.39562e-05
 0.0116287 1.7192e-05
  0.012424 2.09201e-05
 0.0132489 2.51465e-05
 0.0141045 2.98582e-05
 0.0149919 3.50217e-05
 0.0159123 4.05836e-05
 0.0168671 4.64737e-05
 0.0178573 5.26101e-05
 0.0188845 5.89048e-05
 0.0199498 6.52699e-05
 0.0210548 7.16225e-05
  0.022201 7.78887e-05
 0.0233898 8.4006e-05
 0.0246229 8.9924e-05
 0.0259019 9.56044e-05
 0.0272284 0.00010102
 0.0286044 0.000106154
 0.0300316 0.000110996
 0.0315119 0.000115544
 0.0330473 0.000119801
 0.0346399 0.000123772
 0.0362918 0.000127467
 0.0380051 0.000130897
 0.0397822 0.000134074
 0.0416255 0.000137009
 0.0435374 0.000139717
 0.0455205 0.00014221
 0.0475774 0.000144499
 0.0497108 0.000146598
 0.0519237 0.000148516
  0.054219 0.000150266
 0.0565997 0.000151856
  0.059069 0.000153296
 0.0616302 0.000154594
 0.0642868 0.000155759
 0.0670422 0.000156797
 0.0699003 0.000157716
 0.0728647 0.00015852
 0.0759395 0.000159217
 0.0791287 0.00015981
 0.0824367 0.000160304
 0.0858678 0.000160704
 0.0894266 0.000161013
 0.0931179 0.000161235
 0.0969466 0.000161373
  0.100918 0.000161428
  0.105037 0.000161405
  0.109309 0.000161304
  0.113741 0.000161127
  0.118337 0.000160877
  0.123105 0.000160555
   0.12805 0.000160161
  0.133179 0.000159697
  0.138499 0.000159163
  0.144017 0.00015856
   0.14974 0.000157889
  0.155677 0.00015715
  0.161834 0.000156343
  0.168221 0.000155468
  0.174845 0.000154525
  0.181716 0.000153513
  0.188843 0.000152433
  0.196235 0.000151284
  0.203902 0.000150065
  0.211855 0.000148776
  0.220104 0.000147416
  0.228659 0.000145984
  0.237534 0.00014448
  0.246738 0.000142903
  0.256285 0.00014125
  0.266188 0.000139523
  0.276459 0.000137718
  0.287113 0.000135836
  0.298163 0.000133876
  0.309625 0.000131835
  0.321513 0.000129714
  0.333844 0.00012751
  0.346633 0.000125224
  0.359899 0.000122854
  0.373659  0.0001204
  0.387931 0.000117861
  0.402734 0.000115237
  0.418088 0.000112527
  0.434014 0.000109733
  0.450532 0.000106854
  0.467666 0.000103893
  0.485437 0.000100851
   0.50387 9.77313e-05
  0.522989 9.45375e-05
   0.54282 9.12747e-05
  0.563388 8.79494e-05
  0.584723 8.45701e-05
  0.606852 8.11472e-05
  0.629804 7.7694e-05
  0.653611 7.42271e-05
  0.678304 7.07668e-05
  0.703917 6.73387e-05
  0.730482 6.39736e-05
  0.758037 6.07097e-05
  0.786617 5.75931e-05
  0.816262 5.46793e-05
   0.84701 5.20342e-05
  0.878902 4.97344e-05
  0.911982 4.78664e-05
  0.946293 4.65247e-05
  0.981881 4.58068e-05
   1.01812 4.58068e-05
   1.05371 4.65247e-05
   1.08802 4.78664e-05
    1.1211 4.97343e-05
   1.15299 5.20342e-05
   1.18374 5.46792e-05
   1.21338 5.7593e-05
   1.24196 6.07095e-05
   1.26952 6.39734e-05
   1.29608 6.73384e-05
    1.3217 7.07666e-05
   1.34639 7.42268e-05
    1.3702 7.76937e-05
   1.39315 8.11469e-05
   1.41528 8.45697e-05
   1.43661 8.79491e-05
   1.45718 9.12743e-05
   1.47701 9.45371e-05
   1.49613 9.77309e-05
   1.51456 0.000100851
   1.53233 0.000103893
   1.54947 0.000106854
   1.56599 0.000109732
   1.58191 0.000112527
   1.59727 0.000115236
   1.61207 0.000117861
   1.62634  0.0001204
    1.6401 0.000122854
   1.65337 0.000125224
   1.66616 0.00012751
   1.67849 0.000129713
   1.69038 0.000131835
   1.70184 0.000133875
   1.71289 0.000135836
   1.72354 0.000137718
   1.73381 0.000139522
   1.74371 0.00014125
   1.75326 0.000142902
   1.76247 0.00014448
   1.77134 0.000145984
    1.7799 0.000147416
   1.78815 0.000148776
    1.7961 0.000150065
   1.80377 0.000151284
   1.81116 0.000152433
   1.81828 0.000153513
   1.82515 0.000154524
   1.83178 0.000155468
   1.83817 0.000156343
   1.84432 0.00015715
   1.85026 0.000157889
   1.85598 0.00015856
    1.8615 0.000159163
   1.86682 0.000159696
   1.87195 0.000160161
    1.8769 0.000160554
   1.88166 0.000160877
   1.88626 0.000161127
   1.89069 0.000161304
   1.89496 0.000161404
   1.89908 0.000161428
   1.90305 0.000161372
   1.90688 0.000161235
   1.91057 0.000161013
   1.91413 0.000160704
   1.91756 0.000160304
   1.92087 0.00015981
   1.92406 0.000159216
   1.92714 0.00015852
    1.9301 0.000157715
   1.93296 0.000156797
   1.93571 0.000155759
   1.93837 0.000154594
   1.94093 0.000153296
    1.9434 0.000151856
   1.94578 0.000150266
   1.94808 0.000148516
   1.95029 0.000146598
   1.95242 0.000144499
   1.95448 0.000142209
   1.95646 0.000139717
   1.95837 0.000137009
   1.96022 0.000134073
   1.96199 0.000130897
   1.96371 0.000127467
   1.96536 0.000123772
   1.96695 0.000119801
   1.96849 0.000115544
   1.96997 0.000110996
    1.9714 0.000106154
   1.97277 0.00010102
    1.9741 9.56042e-05
   1.97538 8.99238e-05
   1.97661 8.40058e-05
    1.9778 7.78885e-05
   1.97895 7.16223e-05
   1.98005 6.52697e-05
   1.98112 5.89047e-05
   1.98214  5.261e-05
   1.98313 4.64736e-05
   1.98409 4.05835e-05
   1.98501 3.50216e-05
    1.9859 2.98581e-05
   1.98675 2.51464e-05
   1.98758  2.092e-05
   1.98837 1.7192e-05
   1.98914 1.39561e-05
   1.98988 1.11904e-05
   1.99059 8.86065e-06
   1.99128 6.92542e-06
   1.99194 5.33935e-06
   1.99258 4.05654e-06
   1.99319 3.0328e-06
   1.99379 2.22709e-06
   1.99436 1.60238e-06
   1.99491 1.12594e-06
   1.99544 7.69354e-07
   1.99596 5.08297e-07
   1.99645 3.22187e-07
   1.99693 1.93805e-07
   1.99739 1.08901e-07
   1.99783 5.58107e-08
   1.99826 2.51177e-08
   1.99867 9.35548e-09
   1.99907  2.811e-09
   1.99945 1.74616e-09
   1.99982 9.84271e-09
