0.000181192 -6.12603e-13
0.000550322 -6.32702e-13
0.000933193 -3.06723e-12
0.00133032 -2.2147e-11
0.00174222 -1.07389e-10
0.00216946 -3.84653e-10
0.00261261 -1.12105e-09
0.00307224 -2.82214e-09
0.00354899 -6.37206e-09
0.00404349 -1.32291e-08
 0.0045564 -2.56906e-08
0.00508839 -4.72398e-08
0.00564019 -8.29828e-08
0.00621254 -1.40173e-07
0.00680618 -2.28799e-07
0.00742193 -3.62175e-07
 0.0080606 -5.57437e-07
0.00872304 -8.35762e-07
0.00941014 -1.22212e-06
 0.0101228 -1.74426e-06
  0.010862 -2.43088e-06
 0.0116287 -3.30874e-06
  0.012424 -4.39915e-06
 0.0132489 -5.71432e-06
 0.0141045 -7.25441e-06
 0.0149919 -9.00595e-06
 0.0159123 -1.09425e-05
 0.0168671 -1.30269e-05
 0.0178573 -1.52154e-05
 0.0188845 -1.74623e-05
 0.0199498 -1.97233e-05
 0.0210548 -2.19596e-05
  0.022201 -2.41388e-05
 0.0233898 -2.6236e-05
 0.0246229 -2.82336e-05
 0.0259019 -3.01203e-05
 0.0272284 -3.189e-05
 0.0286044 -3.35408e-05
 0.0300316 -3.50739e-05
 0.0315119 -3.64927e-05
 0.0330473 -3.7802e-05
 0.0346399 -3.90075e-05
 0.0362918 -4.01153e-05
 0.0380051 -4.11317e-05
 0.0397822 -4.2063e-05
 0.0416255 -4.2915e-05
 0.0435374 -4.36936e-05
 0.0455205 -4.4404e-05
 0.0475774 -4.50513e-05
 0.0497108 -4.56399e-05
 0.0519237 -4.61742e-05
  0.054219 -4.66579e-05
 0.0565997 -4.70944e-05
  0.059069 -4.74871e-05
 0.0616302 -4.78387e-05
 0.0642868 -4.81518e-05
 0.0670422 -4.84288e-05
 0.0699003 -4.86717e-05
 0.0728647 -4.88825e-05
 0.0759395 -4.90628e-05
 0.0791287 -4.92141e-05
 0.0824367 -4.93379e-05
 0.0858678 -4.94353e-05
 0.0894266 -4.95074e-05
 0.0931179 -4.95551e-05
 0.0969466 -4.95793e-05
  0.100918 -4.95807e-05
  0.105037 -4.95599e-05
  0.109309 -4.95175e-05
  0.113741 -4.94539e-05
  0.118337 -4.93696e-05
  0.123105 -4.92648e-05
   0.12805 -4.91398e-05
  0.133179 -4.89948e-05
  0.138499 -4.88299e-05
  0.144017 -4.86452e-05
   0.14974 -4.84407e-05
  0.155677 -4.82163e-05
  0.161834 -4.79721e-05
  0.168221 -4.77078e-05
  0.174845 -4.74234e-05
  0.181716 -4.71185e-05
  0.188843 -4.6793e-05
  0.196235 -4.64466e-05
  0.203902 -4.60789e-05
  0.211855 -4.56896e-05
  0.220104 -4.52782e-05
  0.228659 -4.48443e-05
  0.237534 -4.43875e-05
  0.246738 -4.39072e-05
  0.256285 -4.34028e-05
  0.266188 -4.28738e-05
  0.276459 -4.23195e-05
  0.287113 -4.17393e-05
  0.298163 -4.11324e-05
  0.309625 -4.04981e-05
  0.321513 -3.98355e-05
  0.333844 -3.91439e-05
  0.346633 -3.84224e-05
  0.359899 -3.76701e-05
  0.373659 -3.6886e-05
  0.387931 -3.6069e-05
  0.402734 -3.52183e-05
  0.418088 -3.43326e-05
  0.434014 -3.34108e-05
  0.450532 -3.24518e-05
  0.467666 -3.14543e-05
  0.485437 -3.0417e-05
   0.50387 -2.93386e-05
  0.522989 -2.82176e-05
   0.54282 -2.70527e-05
  0.563388 -2.58424e-05
  0.584723 -2.4585e-05
  0.606852 -2.3279e-05
  0.629804 -2.19228e-05
  0.653611 -2.05145e-05
  0.678304 -1.90526e-05
  0.703917 -1.7535e-05
  0.730482 -1.59601e-05
  0.758037 -1.43259e-05
  0.786617 -1.26306e-05
  0.816262 -1.08723e-05
   0.84701 -9.04929e-06
  0.878902 -7.15963e-06
  0.911982 -5.20143e-06
  0.946293 -3.17248e-06
  0.981881 -1.07001e-06
   1.01812 1.06987e-06
   1.05371 3.17234e-06
   1.08802 5.20129e-06
    1.1211 7.15949e-06
   1.15299 9.04916e-06
   1.18374 1.08722e-05
   1.21338 1.26305e-05
   1.24196 1.43258e-05
   1.26952  1.596e-05
   1.29608 1.75349e-05
    1.3217 1.90524e-05
   1.34639 2.05144e-05
    1.3702 2.19227e-05
   1.39315 2.32789e-05
   1.41528 2.45849e-05
   1.43661 2.58423e-05
   1.45718 2.70526e-05
   1.47701 2.82175e-05
   1.49613 2.93385e-05
   1.51456 3.04169e-05
   1.53233 3.14542e-05
   1.54947 3.24517e-05
   1.56599 3.34107e-05
   1.58191 3.43325e-05
   1.59727 3.52182e-05
   1.61207 3.60689e-05
   1.62634 3.68859e-05
    1.6401  3.767e-05
   1.65337 3.84223e-05
   1.66616 3.91438e-05
   1.67849 3.98354e-05
   1.69038 4.0498e-05
   1.70184 4.11323e-05
   1.71289 4.17392e-05
   1.72354 4.23194e-05
   1.73381 4.28737e-05
   1.74371 4.34028e-05
   1.75326 4.39071e-05
   1.76247 4.43874e-05
   1.77134 4.48443e-05
    1.7799 4.52781e-05
   1.78815 4.56895e-05
    1.7961 4.60788e-05
   1.80377 4.64465e-05
   1.81116 4.67929e-05
   1.81828 4.71184e-05
   1.82515 4.74233e-05
   1.83178 4.77077e-05
   1.83817 4.7972e-05
   1.84432 4.82162e-05
   1.85026 4.84406e-05
   1.85598 4.86451e-05
    1.8615 4.88298e-05
   1.86682 4.89947e-05
   1.87195 4.91398e-05
    1.8769 4.92648e-05
   1.88166 4.93695e-05
   1.88626 4.94539e-05
   1.89069 4.95174e-05
   1.89496 4.95598e-05
   1.89908 4.95806e-05
   1.90305 4.95792e-05
   1.90688 4.95551e-05
   1.91057 4.95073e-05
   1.91413 4.94353e-05
   1.91756 4.93379e-05
   1.92087 4.92141e-05
   1.92406 4.90627e-05
   1.92714 4.88824e-05
    1.9301 4.86716e-05
   1.93296 4.84287e-05
   1.93571 4.81517e-05
   1.93837 4.78386e-05
   1.94093 4.7487e-05
    1.9434 4.70944e-05
   1.94578 4.66578e-05
   1.94808 4.61741e-05
   1.95029 4.56399e-05
   1.95242 4.50512e-05
   1.95448 4.4404e-05
   1.95646 4.36935e-05
   1.95837 4.2915e-05
   1.96022 4.20629e-05
   1.96199 4.11317e-05
   1.96371 4.01153e-05
   1.96536 3.90075e-05
   1.96695 3.7802e-05
   1.96849 3.64927e-05
   1.96997 3.50739e-05
    1.9714 3.35407e-05
   1.97277 3.18899e-05
    1.9741 3.01202e-05
   1.97538 2.82335e-05
   1.97661 2.62359e-05
    1.9778 2.41387e-05
   1.97895 2.19595e-05
   1.98005 1.97233e-05
   1.98112 1.74622e-05
   1.98214 1.52154e-05
   1.98313 1.30268e-05
   1.98409 1.09424e-05
   1.98501 9.00592e-06
    1.9859 7.25438e-06
   1.98675 5.7143e-06
   1.98758 4.39913e-06
   1.98837 3.30873e-06
   1.98914 2.43088e-06
   1.98988 1.74426e-06
   1.99059 1.22211e-06
   1.99128 8.35759e-07
   1.99194 5.57435e-07
   1.99258 3.62174e-07
   1.99319 2.28798e-07
   1.99379 1.40172e-07
   1.99436 8.29825e-08
   1.99491 4.72396e-08
   1.99544 2.56905e-08
   1.99596 1.32291e-08
   1.99645 6.37204e-09
   1.99693 2.82214e-09
   1.99739 1.12105e-09
   1.99783 3.84652e-10
   1.99826 1.07389e-10
   1.99867 2.2147e-11
   1.99907 3.06723e-12
   1.99945 6.32702e-13
   1.99982 6.12604e-13
