0.000181192 0.000549697
0.000550322 0.00166915
0.000933193 0.00282983
0.00133032 0.00403326
0.00174222 0.00528097
0.00216946 0.00657459
0.00261261 0.00791576
0.00307224 0.00930621
0.00354899  0.0107477
0.00404349  0.0122419
 0.0045564  0.0137908
0.00508839   0.015396
0.00564019  0.0170593
0.00621254  0.0187822
0.00680618  0.0205661
0.00742193  0.0224118
 0.0080606  0.0243197
0.00872304  0.0262895
0.00941014  0.0283199
 0.0101228  0.0304081
  0.010862  0.0325501
 0.0116287    0.03474
  0.012424  0.0369704
 0.0132489  0.0392321
 0.0141045  0.0415146
 0.0149919  0.0438065
 0.0159123  0.0460961
 0.0168671  0.0483722
 0.0178573  0.0506241
 0.0188845  0.0528427
 0.0199498  0.0550205
 0.0210548  0.0571515
  0.022201  0.0592315
 0.0233898  0.0612578
 0.0246229   0.063229
 0.0259019  0.0651446
 0.0272284  0.0670054
 0.0286044  0.0688123
 0.0300316   0.070567
 0.0315119  0.0722715
 0.0330473  0.0739279
 0.0346399  0.0755384
 0.0362918  0.0771053
 0.0380051  0.0786309
 0.0397822  0.0801174
 0.0416255  0.0815671
 0.0435374  0.0829819
 0.0455205  0.0843638
 0.0475774  0.0857148
 0.0497108  0.0870366
 0.0519237  0.0883308
  0.054219  0.0895991
 0.0565997  0.0908428
  0.059069  0.0920635
 0.0616302  0.0932623
 0.0642868  0.0944405
 0.0670422  0.0955992
 0.0699003  0.0967394
 0.0728647  0.0978622
 0.0759395  0.0989684
 0.0791287   0.100059
 0.0824367   0.101135
 0.0858678   0.102196
 0.0894266   0.103244
 0.0931179    0.10428
 0.0969466   0.105303
  0.100918   0.106315
  0.105037   0.107315
  0.109309   0.108306
  0.113741   0.109286
  0.118337   0.110256
  0.123105   0.111218
   0.12805    0.11217
  0.133179   0.113114
  0.138499    0.11405
  0.144017   0.114978
   0.14974   0.115899
  0.155677   0.116813
  0.161834   0.117719
  0.168221   0.118619
  0.174845   0.119512
  0.181716   0.120399
  0.188843    0.12128
  0.196235   0.122155
  0.203902   0.123024
  0.211855   0.123888
  0.220104   0.124745
  0.228659   0.125598
  0.237534   0.126444
  0.246738   0.127286
  0.256285   0.128122
  0.266188   0.128953
  0.276459   0.129778
  0.287113   0.130598
  0.298163   0.131413
  0.309625   0.132222
  0.321513   0.133026
  0.333844   0.133824
  0.346633   0.134616
  0.359899   0.135402
  0.373659   0.136182
  0.387931   0.136955
  0.402734   0.137721
  0.418088    0.13848
  0.434014   0.139231
  0.450532   0.139974
  0.467666   0.140708
  0.485437   0.141433
   0.50387   0.142147
  0.522989   0.142851
   0.54282   0.143542
  0.563388    0.14422
  0.584723   0.144884
  0.606852   0.145531
  0.629804   0.146161
  0.653611   0.146771
  0.678304   0.147358
  0.703917   0.147921
  0.730482   0.148455
  0.758037   0.148957
  0.786617   0.149422
  0.816262   0.149844
   0.84701   0.150219
  0.878902   0.150537
  0.911982    0.15079
  0.946293    0.15097
  0.981881   0.151065
   1.01812   0.151065
   1.05371    0.15097
   1.08802    0.15079
    1.1211   0.150537
   1.15299   0.150219
   1.18374   0.149844
   1.21338   0.149422
   1.24196   0.148957
   1.26952   0.148455
   1.29608   0.147921
    1.3217   0.147358
   1.34639   0.146771
    1.3702   0.146161
   1.39315   0.145531
   1.41528   0.144884
   1.43661    0.14422
   1.45718   0.143542
   1.47701   0.142851
   1.49613   0.142148
   1.51456   0.141433
   1.53233   0.140709
   1.54947   0.139974
   1.56599   0.139231
   1.58191    0.13848
   1.59727   0.137721
   1.61207   0.136955
   1.62634   0.136182
    1.6401   0.135402
   1.65337   0.134616
   1.66616   0.133824
   1.67849   0.133026
   1.69038   0.132223
   1.70184   0.131413
   1.71289   0.130599
   1.72354   0.129779
   1.73381   0.128953
   1.74371   0.128122
   1.75326   0.127286
   1.76247   0.126445
   1.77134   0.125598
    1.7799   0.124746
   1.78815   0.123888
    1.7961   0.123024
   1.80377   0.122155
   1.81116    0.12128
   1.81828     0.1204
   1.82515   0.119513
   1.83178   0.118619
   1.83817   0.117719
   1.84432   0.116813
   1.85026   0.115899
   1.85598   0.114979
    1.8615    0.11405
   1.86682   0.113114
   1.87195    0.11217
    1.8769   0.111218
   1.88166   0.110256
   1.88626   0.109286
   1.89069   0.108306
   1.89496   0.107316
   1.89908   0.106315
   1.90305   0.105303
   1.90688    0.10428
   1.91057   0.103245
   1.91413   0.102196
   1.91756   0.101135
   1.92087   0.100059
   1.92406  0.0989686
   1.92714  0.0978624
    1.9301  0.0967396
   1.93296  0.0955993
   1.93571  0.0944406
   1.93837  0.0932624
   1.94093  0.0920636
    1.9434   0.090843
   1.94578  0.0895992
   1.94808  0.0883309
   1.95029  0.0870367
   1.95242  0.0857149
   1.95448  0.0843639
   1.95646   0.082982
   1.95837  0.0815672
   1.96022  0.0801175
   1.96199   0.078631
   1.96371  0.0771054
   1.96536  0.0755385
   1.96695   0.073928
   1.96849  0.0722716
   1.96997  0.0705671
    1.9714  0.0688124
   1.97277  0.0670054
    1.9741  0.0651447
   1.97538   0.063229
   1.97661  0.0612578
    1.9778  0.0592315
   1.97895  0.0571515
   1.98005  0.0550205
   1.98112  0.0528428
   1.98214  0.0506241
   1.98313  0.0483722
   1.98409  0.0460962
   1.98501  0.0438065
    1.9859  0.0415146
   1.98675  0.0392321
   1.98758  0.0369704
   1.98837    0.03474
   1.98914  0.0325501
   1.98988  0.0304081
   1.99059  0.0283199
   1.99128  0.0262895
   1.99194  0.0243197
   1.99258  0.0224118
   1.99319  0.0205661
   1.99379  0.0187822
   1.99436  0.0170593
   1.99491   0.015396
   1.99544  0.0137908
   1.99596   0.012242
   1.99645  0.0107477
   1.99693 0.00930621
   1.99739 0.00791577
   1.99783 0.00657459
   1.99826 0.00528098
   1.99867 0.00403326
   1.99907 0.00282984
   1.99945 0.00166915
   1.99982 0.000549697
