0.000181192 9.53349e-09
0.000550322 1.88435e-09
0.000933193 3.58146e-09
0.00133032 1.19192e-08
0.00174222 3.14527e-08
0.00216946 6.88476e-08
0.00261261 1.32677e-07
0.00307224 2.33631e-07
0.00354899 3.84824e-07
0.00404349 6.02149e-07
 0.0045564 9.04655e-07
0.00508839 1.31493e-06
0.00564019 1.85946e-06
0.00621254 2.56889e-06
0.00680618 3.47811e-06
0.00742193 4.62606e-06
 0.0080606 6.05504e-06
0.00872304 7.80947e-06
0.00941014 9.9338e-06
 0.0101228 1.24695e-05
  0.010862 1.54512e-05
 0.0116287 1.89026e-05
  0.012424 2.2832e-05
 0.0132489 2.72288e-05
 0.0141045 3.20623e-05
 0.0149919 3.72819e-05
 0.0159123 4.28208e-05
 0.0168671 4.86005e-05
 0.0178573 5.45374e-05
 0.0188845 6.05483e-05
 0.0199498 6.65559e-05
 0.0210548 7.24918e-05
  0.022201 7.82992e-05
 0.0233898 8.3933e-05
 0.0246229 8.93649e-05
 0.0259019 9.45836e-05
 0.0272284 9.95737e-05
 0.0286044 0.000104321
 0.0300316 0.000108817
 0.0315119 0.000113056
 0.0330473 0.000117039
 0.0346399 0.000120766
 0.0362918 0.000124245
 0.0380051 0.000127481
 0.0397822 0.000130483
 0.0416255 0.000133262
 0.0435374 0.000135827
 0.0455205 0.000138189
 0.0475774 0.000140358
 0.0497108 0.000142345
 0.0519237 0.00014416
  0.054219 0.000145813
 0.0565997 0.000147314
  0.059069 0.00014867
 0.0616302 0.000149891
 0.0642868 0.000150984
 0.0670422 0.000151956
 0.0699003 0.000152814
 0.0728647 0.000153564
 0.0759395 0.000154212
 0.0791287 0.000154763
 0.0824367 0.000155221
 0.0858678 0.000155592
 0.0894266 0.000155878
 0.0931179 0.000156083
 0.0969466 0.00015621
  0.100918 0.000156261
  0.105037 0.000156239
  0.109309 0.000156146
  0.113741 0.000155981
  0.118337 0.000155747
  0.123105 0.000155445
   0.12805 0.000155075
  0.133179 0.000154639
  0.138499 0.000154137
  0.144017 0.000153569
   0.14974 0.000152936
  0.155677 0.000152238
  0.161834 0.000151476
  0.168221 0.000150649
  0.174845 0.000149758
  0.181716 0.000148802
  0.188843 0.000147781
  0.196235 0.000146693
  0.203902 0.000145538
  0.211855 0.000144315
  0.220104 0.000143022
  0.228659 0.000141659
  0.237534 0.000140224
  0.246738 0.000138717
  0.256285 0.000137138
  0.266188 0.000135488
  0.276459 0.000133766
  0.287113 0.000131976
  0.298163 0.000130117
  0.309625 0.00012819
  0.321513 0.000126194
  0.333844 0.000124128
  0.346633 0.000121992
  0.359899 0.000119788
  0.373659 0.000117516
  0.387931 0.000115178
  0.402734 0.000112774
  0.418088 0.000110309
  0.434014 0.000107784
  0.450532 0.000105203
  0.467666 0.00010257
  0.485437 9.98904e-05
   0.50387 9.71708e-05
  0.522989 9.44181e-05
   0.54282 9.16412e-05
  0.563388 8.88498e-05
  0.584723 8.60557e-05
  0.606852 8.32719e-05
  0.629804 8.05137e-05
  0.653611 7.77982e-05
  0.678304 7.51444e-05
  0.703917 7.2574e-05
  0.730482 7.01108e-05
  0.758037 6.77811e-05
  0.786617 6.56138e-05
  0.816262 6.36402e-05
   0.84701 6.18944e-05
  0.878902 6.04132e-05
  0.911982 5.92359e-05
  0.946293 5.8405e-05
  0.981881 5.79654e-05
   1.01812 5.79654e-05
   1.05371 5.84049e-05
   1.08802 5.92358e-05
    1.1211 6.0413e-05
   1.15299 6.18942e-05
   1.18374 6.36399e-05
   1.21338 6.56135e-05
   1.24196 6.77808e-05
   1.26952 7.01105e-05
   1.29608 7.25737e-05
    1.3217 7.5144e-05
   1.34639 7.77977e-05
    1.3702 8.05133e-05
   1.39315 8.32715e-05
   1.41528 8.60552e-05
   1.43661 8.88494e-05
   1.45718 9.16407e-05
   1.47701 9.44177e-05
   1.49613 9.71703e-05
   1.51456 9.98899e-05
   1.53233 0.000102569
   1.54947 0.000105202
   1.56599 0.000107783
   1.58191 0.000110308
   1.59727 0.000112774
   1.61207 0.000115177
   1.62634 0.000117516
    1.6401 0.000119788
   1.65337 0.000121992
   1.66616 0.000124127
   1.67849 0.000126193
   1.69038 0.00012819
   1.70184 0.000130117
   1.71289 0.000131975
   1.72354 0.000133766
   1.73381 0.000135487
   1.74371 0.000137138
   1.75326 0.000138717
   1.76247 0.000140223
   1.77134 0.000141658
    1.7799 0.000143021
   1.78815 0.000144314
    1.7961 0.000145538
   1.80377 0.000146693
   1.81116 0.00014778
   1.81828 0.000148802
   1.82515 0.000149758
   1.83178 0.000150649
   1.83817 0.000151476
   1.84432 0.000152238
   1.85026 0.000152936
   1.85598 0.000153569
    1.8615 0.000154137
   1.86682 0.000154639
   1.87195 0.000155075
    1.8769 0.000155445
   1.88166 0.000155747
   1.88626 0.000155981
   1.89069 0.000156145
   1.89496 0.000156239
   1.89908 0.000156261
   1.90305 0.00015621
   1.90688 0.000156082
   1.91057 0.000155877
   1.91413 0.000155592
   1.91756 0.000155221
   1.92087 0.000154763
   1.92406 0.000154212
   1.92714 0.000153564
    1.9301 0.000152814
   1.93296 0.000151956
   1.93571 0.000150984
   1.93837 0.000149891
   1.94093 0.00014867
    1.9434 0.000147314
   1.94578 0.000145813
   1.94808 0.00014416
   1.95029 0.000142345
   1.95242 0.000140358
   1.95448 0.000138189
   1.95646 0.000135827
   1.95837 0.000133262
   1.96022 0.000130483
   1.96199 0.000127481
   1.96371 0.000124245
   1.96536 0.000120766
   1.96695 0.000117039
   1.96849 0.000113056
   1.96997 0.000108817
    1.9714 0.000104321
   1.97277 9.95737e-05
    1.9741 9.45837e-05
   1.97538 8.93649e-05
   1.97661 8.3933e-05
    1.9778 7.82992e-05
   1.97895 7.24919e-05
   1.98005 6.65559e-05
   1.98112 6.05484e-05
   1.98214 5.45374e-05
   1.98313 4.86005e-05
   1.98409 4.28208e-05
   1.98501 3.72819e-05
    1.9859 3.20623e-05
   1.98675 2.72288e-05
   1.98758 2.2832e-05
   1.98837 1.89027e-05
   1.98914 1.54512e-05
   1.98988 1.24695e-05
   1.99059 9.9338e-06
   1.99128 7.80948e-06
   1.99194 6.05505e-06
   1.99258 4.62606e-06
   1.99319 3.47812e-06
   1.99379 2.56889e-06
   1.99436 1.85946e-06
   1.99491 1.31493e-06
   1.99544 9.04656e-07
   1.99596 6.0215e-07
   1.99645 3.84825e-07
   1.99693 2.33631e-07
   1.99739 1.32677e-07
   1.99783 6.88477e-08
   1.99826 3.14527e-08
   1.99867 1.19192e-08
   1.99907 3.58147e-09
   1.99945 1.88435e-09
   1.99982 9.53351e-09
