0.000181192 -5.83567e-13
0.000550322 -7.11985e-13
0.000933193 -4.04995e-12
0.00133032 -2.91451e-11
0.00174222 -1.38629e-10
0.00216946 -4.88532e-10
0.00261261 -1.40488e-09
0.00307224 -3.49692e-09
0.00354899 -7.81845e-09
0.00404349 -1.60907e-08
 0.0045564 -3.10003e-08
0.00508839 -5.65841e-08
0.00564019 -9.87057e-08
0.00621254 -1.65611e-07
0.00680618 -2.68528e-07
0.00742193 -4.22224e-07
 0.0080606 -6.4539e-07
0.00872304 -9.60648e-07
0.00941014 -1.39393e-06
 0.0101228 -1.97303e-06
  0.010862 -2.72512e-06
 0.0116287 -3.67348e-06
  0.012424 -4.83378e-06
 0.0132489 -6.21074e-06
 0.0141045 -7.79605e-06
 0.0149919 -9.56828e-06
 0.0159123 -1.14948e-05
 0.0168671 -1.35355e-05
 0.0178573 -1.5647e-05
 0.0188845 -1.7787e-05
 0.0199498 -1.99172e-05
 0.0210548 -2.20054e-05
  0.022201 -2.40266e-05
 0.0233898 -2.59827e-05
 0.0246229 -2.77031e-05
 0.0259019 -2.93209e-05
 0.0272284 -3.08678e-05
 0.0286044 -3.23396e-05
 0.0300316 -3.37333e-05
 0.0315119 -3.50475e-05
 0.0330473 -3.6282e-05
 0.0346399 -3.74376e-05
 0.0362918 -3.8516e-05
 0.0380051 -3.95193e-05
 0.0397822 -4.04504e-05
 0.0416255 -4.13115e-05
 0.0435374 -4.21065e-05
 0.0455205 -4.28386e-05
 0.0475774 -4.3511e-05
 0.0497108 -4.4127e-05
 0.0519237 -4.46897e-05
  0.054219 -4.52021e-05
 0.0565997 -4.56673e-05
  0.059069 -4.60878e-05
 0.0616302 -4.64662e-05
 0.0642868 -4.6805e-05
 0.0670422 -4.71064e-05
 0.0699003 -4.73724e-05
 0.0728647 -4.7605e-05
 0.0759395 -4.78058e-05
 0.0791287 -4.79766e-05
 0.0824367 -4.81187e-05
 0.0858678 -4.82334e-05
 0.0894266 -4.8322e-05
 0.0931179 -4.83856e-05
 0.0969466 -4.8425e-05
  0.100918 -4.84329e-05
  0.105037 -4.84218e-05
  0.109309 -4.839e-05
  0.113741 -4.83371e-05
  0.118337 -4.82633e-05
  0.123105 -4.81691e-05
   0.12805 -4.80546e-05
  0.133179 -4.79202e-05
  0.138499 -4.77658e-05
  0.144017 -4.75915e-05
   0.14974 -4.73975e-05
  0.155677 -4.71837e-05
  0.161834 -4.69499e-05
  0.168221 -4.66979e-05
  0.174845 -4.6425e-05
  0.181716 -4.61286e-05
  0.188843 -4.5812e-05
  0.196235 -4.54748e-05
  0.203902 -4.51168e-05
  0.211855 -4.47375e-05
  0.220104 -4.43368e-05
  0.228659 -4.39141e-05
  0.237534 -4.34694e-05
  0.246738 -4.30023e-05
  0.256285 -4.25128e-05
  0.266188 -4.20012e-05
  0.276459 -4.14676e-05
  0.287113 -4.09125e-05
  0.298163 -4.03364e-05
  0.309625 -3.97126e-05
  0.321513 -3.90638e-05
  0.333844 -3.8391e-05
  0.346633 -3.76886e-05
  0.359899 -3.69557e-05
  0.373659 -3.61915e-05
  0.387931 -3.53949e-05
  0.402734 -3.45649e-05
  0.418088 -3.37006e-05
  0.434014 -3.28007e-05
  0.450532 -3.18641e-05
  0.467666 -3.08897e-05
  0.485437 -2.98761e-05
   0.50387 -2.8822e-05
  0.522989 -2.77262e-05
   0.54282 -2.65871e-05
  0.563388 -2.54033e-05
  0.584723 -2.41732e-05
  0.606852 -2.28953e-05
  0.629804 -2.15678e-05
  0.653611 -2.0189e-05
  0.678304 -1.87571e-05
  0.703917 -1.72702e-05
  0.730482 -1.57263e-05
  0.758037 -1.41234e-05
  0.786617 -1.24592e-05
  0.816262 -1.07317e-05
   0.84701 -8.93846e-06
  0.878902 -7.07709e-06
  0.911982 -5.14517e-06
  0.946293 -3.1402e-06
  0.981881 -1.05965e-06
   1.01812 1.05945e-06
   1.05371   3.14e-06
   1.08802 5.14498e-06
    1.1211 7.0769e-06
   1.15299 8.93826e-06
   1.18374 1.07315e-05
   1.21338 1.2459e-05
   1.24196 1.41232e-05
   1.26952 1.57261e-05
   1.29608  1.727e-05
    1.3217 1.87569e-05
   1.34639 2.01888e-05
    1.3702 2.15676e-05
   1.39315 2.28951e-05
   1.41528 2.41731e-05
   1.43661 2.54031e-05
   1.45718 2.65869e-05
   1.47701 2.7726e-05
   1.49613 2.88219e-05
   1.51456 2.98759e-05
   1.53233 3.08895e-05
   1.54947 3.18639e-05
   1.56599 3.28005e-05
   1.58191 3.37004e-05
   1.59727 3.45648e-05
   1.61207 3.53947e-05
   1.62634 3.61913e-05
    1.6401 3.69556e-05
   1.65337 3.76884e-05
   1.66616 3.83908e-05
   1.67849 3.90636e-05
   1.69038 3.97125e-05
   1.70184 4.03362e-05
   1.71289 4.09124e-05
   1.72354 4.14674e-05
   1.73381 4.2001e-05
   1.74371 4.25127e-05
   1.75326 4.30022e-05
   1.76247 4.34693e-05
   1.77134 4.3914e-05
    1.7799 4.43367e-05
   1.78815 4.47374e-05
    1.7961 4.51167e-05
   1.80377 4.54747e-05
   1.81116 4.58119e-05
   1.81828 4.61285e-05
   1.82515 4.64249e-05
   1.83178 4.66978e-05
   1.83817 4.69499e-05
   1.84432 4.71836e-05
   1.85026 4.73974e-05
   1.85598 4.75915e-05
    1.8615 4.77657e-05
   1.86682 4.79201e-05
   1.87195 4.80546e-05
    1.8769 4.8169e-05
   1.88166 4.82633e-05
   1.88626 4.8337e-05
   1.89069  4.839e-05
   1.89496 4.84217e-05
   1.89908 4.84328e-05
   1.90305 4.8425e-05
   1.90688 4.83856e-05
   1.91057 4.8322e-05
   1.91413 4.82334e-05
   1.91756 4.81186e-05
   1.92087 4.79765e-05
   1.92406 4.78058e-05
   1.92714 4.76049e-05
    1.9301 4.73724e-05
   1.93296 4.71064e-05
   1.93571 4.6805e-05
   1.93837 4.64662e-05
   1.94093 4.60877e-05
    1.9434 4.56672e-05
   1.94578 4.52021e-05
   1.94808 4.46897e-05
   1.95029 4.4127e-05
   1.95242 4.3511e-05
   1.95448 4.28386e-05
   1.95646 4.21065e-05
   1.95837 4.13115e-05
   1.96022 4.04504e-05
   1.96199 3.95193e-05
   1.96371 3.8516e-05
   1.96536 3.74376e-05
   1.96695 3.6282e-05
   1.96849 3.50475e-05
   1.96997 3.37333e-05
    1.9714 3.23396e-05
   1.97277 3.08679e-05
    1.9741 2.93209e-05
   1.97538 2.77031e-05
   1.97661 2.59827e-05
    1.9778 2.40266e-05
   1.97895 2.20055e-05
   1.98005 1.99172e-05
   1.98112 1.7787e-05
   1.98214 1.5647e-05
   1.98313 1.35355e-05
   1.98409 1.14948e-05
   1.98501 9.56829e-06
    1.9859 7.79606e-06
   1.98675 6.21074e-06
   1.98758 4.83379e-06
   1.98837 3.67349e-06
   1.98914 2.72512e-06
   1.98988 1.97303e-06
   1.99059 1.39394e-06
   1.99128 9.6065e-07
   1.99194 6.45392e-07
   1.99258 4.22225e-07
   1.99319 2.68529e-07
   1.99379 1.65611e-07
   1.99436 9.87059e-08
   1.99491 5.65843e-08
   1.99544 3.10003e-08
   1.99596 1.60907e-08
   1.99645 7.81847e-09
   1.99693 3.49692e-09
   1.99739 1.40488e-09
   1.99783 4.88533e-10
   1.99826 1.38629e-10
   1.99867 2.91452e-11
   1.99907 4.04997e-12
   1.99945 7.11987e-13
   1.99982 5.83569e-13
