0.000181192 0.000540627
0.000550322  0.0016416
0.000933193 0.00278313
0.00133032 0.00396668
0.00174222 0.00519377
0.00216946 0.00646598
0.00261261 0.00778493
0.00307224  0.0091523
0.00354899  0.0105698
0.00404349  0.0120391
 0.0045564   0.013562
0.00508839  0.0151402
0.00564019  0.0167753
0.00621254  0.0184686
0.00680618  0.0202214
0.00742193  0.0220342
 0.0080606  0.0239073
0.00872304  0.0258398
0.00941014  0.0278298
 0.0101228  0.0298743
  0.010862  0.0319686
 0.0116287  0.0341064
  0.012424  0.0362797
 0.0132489  0.0384794
 0.0141045  0.0406951
 0.0149919  0.0429162
 0.0159123   0.045132
 0.0168671  0.0473327
 0.0178573  0.0495093
 0.0188845  0.0516545
 0.0199498  0.0537622
 0.0210548  0.0558281
  0.022201  0.0578493
 0.0233898  0.0598238
 0.0246229  0.0617541
 0.0259019  0.0636439
 0.0272284  0.0654934
 0.0286044  0.0673021
 0.0300316  0.0690697
 0.0315119  0.0707964
 0.0330473  0.0724824
 0.0346399  0.0741284
 0.0362918  0.0757353
 0.0380051  0.0773041
 0.0397822  0.0788359
 0.0416255   0.080332
 0.0435374  0.0817937
 0.0455205  0.0832225
 0.0475774  0.0846196
 0.0497108  0.0859866
 0.0519237  0.0873247
  0.054219  0.0886354
 0.0565997  0.0899199
  0.059069  0.0911796
 0.0616302  0.0924158
 0.0642868  0.0936296
 0.0670422  0.0948222
 0.0699003  0.0959948
 0.0728647  0.0971483
 0.0759395  0.0982839
 0.0791287  0.0994025
 0.0824367   0.100505
 0.0858678   0.101592
 0.0894266   0.102665
 0.0931179   0.103725
 0.0969466   0.104772
  0.100918   0.105807
  0.105037   0.106832
  0.109309   0.107846
  0.113741   0.108851
  0.118337   0.109846
  0.123105   0.110832
   0.12805    0.11181
  0.133179    0.11278
  0.138499   0.113741
  0.144017   0.114696
   0.14974   0.115643
  0.155677   0.116583
  0.161834   0.117517
  0.168221   0.118444
  0.174845   0.119365
  0.181716    0.12028
  0.188843    0.12119
  0.196235   0.122094
  0.203902   0.122994
  0.211855   0.123888
  0.220104   0.124778
  0.228659   0.125663
  0.237534   0.126543
  0.246738   0.127418
  0.256285   0.128287
  0.266188   0.129149
  0.276459   0.130005
  0.287113   0.130854
  0.298163   0.131695
  0.309625   0.132528
  0.321513   0.133355
  0.333844   0.134175
  0.346633   0.134988
  0.359899   0.135793
  0.373659    0.13659
  0.387931   0.137378
  0.402734   0.138156
  0.418088   0.138925
  0.434014   0.139683
  0.450532    0.14043
  0.467666   0.141164
  0.485437   0.141885
   0.50387   0.142591
  0.522989   0.143282
   0.54282   0.143956
  0.563388   0.144612
  0.584723   0.145247
  0.606852   0.145861
  0.629804   0.146452
  0.653611   0.147017
  0.678304   0.147554
  0.703917   0.148061
  0.730482   0.148535
  0.758037   0.148973
  0.786617   0.149372
  0.816262   0.149729
   0.84701   0.150039
  0.878902   0.150298
  0.911982   0.150502
  0.946293   0.150644
  0.981881   0.150719
   1.01812   0.150719
   1.05371   0.150644
   1.08802   0.150502
    1.1211   0.150298
   1.15299   0.150039
   1.18374   0.149729
   1.21338   0.149372
   1.24196   0.148973
   1.26952   0.148535
   1.29608   0.148061
    1.3217   0.147554
   1.34639   0.147017
    1.3702   0.146452
   1.39315   0.145861
   1.41528   0.145247
   1.43661   0.144612
   1.45718   0.143956
   1.47701   0.143282
   1.49613   0.142591
   1.51456   0.141885
   1.53233   0.141164
   1.54947    0.14043
   1.56599   0.139683
   1.58191   0.138925
   1.59727   0.138156
   1.61207   0.137378
   1.62634    0.13659
    1.6401   0.135793
   1.65337   0.134988
   1.66616   0.134175
   1.67849   0.133355
   1.69038   0.132529
   1.70184   0.131695
   1.71289   0.130854
   1.72354   0.130005
   1.73381   0.129149
   1.74371   0.128287
   1.75326   0.127418
   1.76247   0.126543
   1.77134   0.125663
    1.7799   0.124778
   1.78815   0.123889
    1.7961   0.122994
   1.80377   0.122094
   1.81116    0.12119
   1.81828    0.12028
   1.82515   0.119365
   1.83178   0.118444
   1.83817   0.117517
   1.84432   0.116583
   1.85026   0.115643
   1.85598   0.114696
    1.8615   0.113741
   1.86682    0.11278
   1.87195    0.11181
    1.8769   0.110832
   1.88166   0.109846
   1.88626   0.108851
   1.89069   0.107846
   1.89496   0.106832
   1.89908   0.105807
   1.90305   0.104772
   1.90688   0.103725
   1.91057   0.102666
   1.91413   0.101592
   1.91756   0.100505
   1.92087  0.0994026
   1.92406   0.098284
   1.92714  0.0971484
    1.9301  0.0959948
   1.93296  0.0948223
   1.93571  0.0936297
   1.93837  0.0924159
   1.94093  0.0911797
    1.9434    0.08992
   1.94578  0.0886354
   1.94808  0.0873248
   1.95029  0.0859866
   1.95242  0.0846197
   1.95448  0.0832225
   1.95646  0.0817938
   1.95837   0.080332
   1.96022  0.0788359
   1.96199  0.0773041
   1.96371  0.0757354
   1.96536  0.0741285
   1.96695  0.0724825
   1.96849  0.0707964
   1.96997  0.0690698
    1.9714  0.0673021
   1.97277  0.0654934
    1.9741  0.0636439
   1.97538  0.0617542
   1.97661  0.0598238
    1.9778  0.0578493
   1.97895  0.0558282
   1.98005  0.0537623
   1.98112  0.0516545
   1.98214  0.0495094
   1.98313  0.0473328
   1.98409  0.0451321
   1.98501  0.0429162
    1.9859  0.0406951
   1.98675  0.0384794
   1.98758  0.0362797
   1.98837  0.0341064
   1.98914  0.0319686
   1.98988  0.0298744
   1.99059  0.0278299
   1.99128  0.0258398
   1.99194  0.0239073
   1.99258  0.0220342
   1.99319  0.0202214
   1.99379  0.0184686
   1.99436  0.0167753
   1.99491  0.0151403
   1.99544  0.0135621
   1.99596  0.0120391
   1.99645  0.0105698
   1.99693 0.00915231
   1.99739 0.00778494
   1.99783 0.00646598
   1.99826 0.00519377
   1.99867 0.00396668
   1.99907 0.00278313
   1.99945 0.00164161
   1.99982 0.000540627
