0.000181192 0.000145245
0.000550322 0.000105145
0.000933193 7.99192e-05
0.00133032 6.48517e-05
0.00174222 5.70391e-05
0.00216946 5.46707e-05
0.00261261  5.658e-05
0.00307224 6.19526e-05
0.00354899 7.01308e-05
0.00404349 8.04911e-05
 0.0045564 9.23964e-05
0.00508839 0.000105216
0.00564019 0.000118386
0.00621254 0.000131456
0.00680618 0.000144116
0.00742193 0.000156173
 0.0080606 0.00016753
0.00872304 0.000178154
0.00941014 0.000188052
 0.0101228 0.000197252
  0.010862 0.000205795
 0.0116287 0.000213727
  0.012424 0.000221093
 0.0132489 0.000227938
 0.0141045 0.000234303
 0.0149919 0.000240226
 0.0159123 0.000245743
 0.0168671 0.000250884
 0.0178573 0.000255679
 0.0188845 0.000260153
 0.0199498 0.000264329
 0.0210548 0.000268227
  0.022201 0.000271868
 0.0233898 0.000275267
 0.0246229 0.000278441
 0.0259019 0.000281402
 0.0272284 0.000284163
 0.0286044 0.000286736
 0.0300316 0.00028913
 0.0315119 0.000291356
 0.0330473 0.000293422
 0.0346399 0.000295334
 0.0362918 0.000297102
 0.0380051 0.00029873
 0.0397822 0.000300225
 0.0416255 0.000301592
 0.0435374 0.000302836
 0.0455205 0.000303961
 0.0475774 0.000304972
 0.0497108 0.000305871
 0.0519237 0.000306663
  0.054219 0.000307351
 0.0565997 0.000307936
  0.059069 0.000308422
 0.0616302 0.000308811
 0.0642868 0.000309105
 0.0670422 0.000309305
 0.0699003 0.000309413
 0.0728647 0.000309431
 0.0759395 0.000309359
 0.0791287 0.000309198
 0.0824367 0.00030895
 0.0858678 0.000308615
 0.0894266 0.000308193
 0.0931179 0.000307686
 0.0969466 0.000307092
  0.100918 0.000306412
  0.105037 0.000305646
  0.109309 0.000304793
  0.113741 0.000303854
  0.118337 0.000302828
  0.123105 0.000301715
   0.12805 0.000300512
  0.133179 0.000299221
  0.138499 0.000297839
  0.144017 0.000296367
   0.14974 0.000294801
  0.155677 0.000293142
  0.161834 0.000291388
  0.168221 0.000289538
  0.174845 0.000287589
  0.181716 0.00028554
  0.188843 0.00028339
  0.196235 0.000281136
  0.203902 0.000278777
  0.211855 0.00027631
  0.220104 0.000273734
  0.228659 0.000271045
  0.237534 0.000268242
  0.246738 0.000265323
  0.256285 0.000262285
  0.266188 0.000259125
  0.276459 0.000255842
  0.287113 0.000252432
  0.298163 0.000248894
  0.309625 0.000245225
  0.321513 0.000241422
  0.333844 0.000237485
  0.346633 0.000233411
  0.359899 0.000229198
  0.373659 0.000224845
  0.387931 0.000220352
  0.402734 0.000215718
  0.418088 0.000210944
  0.434014 0.000206031
  0.450532 0.000200983
  0.467666 0.000195803
  0.485437 0.000190496
   0.50387 0.000185071
  0.522989 0.000179538
   0.54282 0.00017391
  0.563388 0.000168204
  0.584723 0.000162441
  0.606852 0.000156648
  0.629804 0.000150855
  0.653611 0.000145102
  0.678304 0.000139434
  0.703917 0.000133902
  0.730482 0.000128568
  0.758037 0.000123498
  0.786617 0.000118766
  0.816262 0.000114452
   0.84701 0.000110638
  0.878902 0.000107408
  0.911982 0.000104848
  0.946293 0.000103047
  0.981881 0.000102097
   1.01812 0.000102097
   1.05371 0.000103047
   1.08802 0.000104848
    1.1211 0.000107407
   1.15299 0.000110637
   1.18374 0.000114451
   1.21338 0.000118765
   1.24196 0.000123497
   1.26952 0.000128566
   1.29608 0.000133901
    1.3217 0.000139432
   1.34639 0.000145101
    1.3702 0.000150854
   1.39315 0.000156646
   1.41528 0.00016244
   1.43661 0.000168202
   1.45718 0.000173908
   1.47701 0.000179536
   1.49613 0.000185069
   1.51456 0.000190494
   1.53233 0.000195801
   1.54947 0.000200982
   1.56599 0.00020603
   1.58191 0.000210943
   1.59727 0.000215717
   1.61207 0.00022035
   1.62634 0.000224844
    1.6401 0.000229196
   1.65337 0.000233409
   1.66616 0.000237484
   1.67849 0.000241421
   1.69038 0.000245223
   1.70184 0.000248892
   1.71289 0.000252431
   1.72354 0.00025584
   1.73381 0.000259124
   1.74371 0.000262283
   1.75326 0.000265322
   1.76247 0.000268241
   1.77134 0.000271044
    1.7799 0.000273733
   1.78815 0.000276309
    1.7961 0.000278776
   1.80377 0.000281135
   1.81116 0.000283389
   1.81828 0.000285539
   1.82515 0.000287588
   1.83178 0.000289537
   1.83817 0.000291387
   1.84432 0.000293142
   1.85026 0.000294801
   1.85598 0.000296366
    1.8615 0.000297839
   1.86682 0.00029922
   1.87195 0.000300512
    1.8769 0.000301714
   1.88166 0.000302828
   1.88626 0.000303854
   1.89069 0.000304793
   1.89496 0.000305645
   1.89908 0.000306411
   1.90305 0.000307091
   1.90688 0.000307685
   1.91057 0.000308193
   1.91413 0.000308615
   1.91756 0.00030895
   1.92087 0.000309198
   1.92406 0.000309358
   1.92714 0.00030943
    1.9301 0.000309413
   1.93296 0.000309305
   1.93571 0.000309105
   1.93837 0.000308811
   1.94093 0.000308422
    1.9434 0.000307936
   1.94578 0.00030735
   1.94808 0.000306663
   1.95029 0.000305871
   1.95242 0.000304971
   1.95448 0.000303961
   1.95646 0.000302836
   1.95837 0.000301592
   1.96022 0.000300225
   1.96199 0.00029873
   1.96371 0.000297102
   1.96536 0.000295334
   1.96695 0.000293422
   1.96849 0.000291356
   1.96997 0.00028913
    1.9714 0.000286736
   1.97277 0.000284163
    1.9741 0.000281402
   1.97538 0.000278441
   1.97661 0.000275268
    1.9778 0.000271868
   1.97895 0.000268228
   1.98005 0.000264329
   1.98112 0.000260153
   1.98214 0.000255679
   1.98313 0.000250884
   1.98409 0.000245743
   1.98501 0.000240226
    1.9859 0.000234303
   1.98675 0.000227938
   1.98758 0.000221093
   1.98837 0.000213727
   1.98914 0.000205796
   1.98988 0.000197252
   1.99059 0.000188052
   1.99128 0.000178155
   1.99194 0.00016753
   1.99258 0.000156173
   1.99319 0.000144116
   1.99379 0.000131456
   1.99436 0.000118386
   1.99491 0.000105216
   1.99544 9.23964e-05
   1.99596 8.04912e-05
   1.99645 7.01308e-05
   1.99693 6.19526e-05
   1.99739  5.658e-05
   1.99783 5.46708e-05
   1.99826 5.70391e-05
   1.99867 6.48517e-05
   1.99907 7.99193e-05
   1.99945 0.000105145
   1.99982 0.000145245
