0.000181192 -2.72927e-06
0.000550322 -2.33331e-06
0.000933193 -2.14743e-06
0.00133032 -2.15603e-06
0.00174222 -2.41712e-06
0.00216946 -3.04307e-06
0.00261261 -4.2155e-06
0.00307224 -6.17567e-06
0.00354899 -9.16392e-06
0.00404349 -1.33103e-05
 0.0045564 -1.85352e-05
0.00508839 -2.45421e-05
0.00564019 -3.09184e-05
0.00621254 -3.72711e-05
0.00680618 -4.33143e-05
0.00742193 -4.88864e-05
 0.0080606 -5.3925e-05
0.00872304 -5.84309e-05
0.00941014 -6.24389e-05
 0.0101228 -6.5998e-05
  0.010862 -6.91602e-05
 0.0116287 -7.19752e-05
  0.012424 -7.44878e-05
 0.0132489 -7.67373e-05
 0.0141045 -7.87574e-05
 0.0149919 -8.0577e-05
 0.0159123 -8.22208e-05
 0.0168671 -8.37096e-05
 0.0178573 -8.50614e-05
 0.0188845 -8.62912e-05
 0.0199498 -8.74121e-05
 0.0210548 -8.84353e-05
  0.022201 -8.93704e-05
 0.0233898 -9.02256e-05
 0.0246229 -9.10084e-05
 0.0259019 -9.17248e-05
 0.0272284 -9.23804e-05
 0.0286044 -9.29799e-05
 0.0300316 -9.35277e-05
 0.0315119 -9.40272e-05
 0.0330473 -9.4482e-05
 0.0346399 -9.48947e-05
 0.0362918 -9.5268e-05
 0.0380051 -9.56041e-05
 0.0397822 -9.5905e-05
 0.0416255 -9.61724e-05
 0.0435374 -9.6408e-05
 0.0455205 -9.66132e-05
 0.0475774 -9.6789e-05
 0.0497108 -9.69367e-05
 0.0519237 -9.70572e-05
  0.054219 -9.71513e-05
 0.0565997 -9.72197e-05
  0.059069 -9.7263e-05
 0.0616302 -9.72819e-05
 0.0642868 -9.72767e-05
 0.0670422 -9.72478e-05
 0.0699003 -9.71954e-05
 0.0728647 -9.712e-05
 0.0759395 -9.70215e-05
 0.0791287 -9.69001e-05
 0.0824367 -9.6756e-05
 0.0858678 -9.65889e-05
 0.0894266 -9.6399e-05
 0.0931179 -9.61861e-05
 0.0969466 -9.59501e-05
  0.100918 -9.56907e-05
  0.105037 -9.54077e-05
  0.109309 -9.51009e-05
  0.113741 -9.47698e-05
  0.118337 -9.44142e-05
  0.123105 -9.40336e-05
   0.12805 -9.36276e-05
  0.133179 -9.31956e-05
  0.138499 -9.27372e-05
  0.144017 -9.22517e-05
   0.14974 -9.17385e-05
  0.155677 -9.1197e-05
  0.161834 -9.06264e-05
  0.168221 -9.00261e-05
  0.174845 -8.93952e-05
  0.181716 -8.87328e-05
  0.188843 -8.80382e-05
  0.196235 -8.73103e-05
  0.203902 -8.65482e-05
  0.211855 -8.57509e-05
  0.220104 -8.49174e-05
  0.228659 -8.40465e-05
  0.237534 -8.3137e-05
  0.246738 -8.21877e-05
  0.256285 -8.11975e-05
  0.266188 -8.01648e-05
  0.276459 -7.90885e-05
  0.287113 -7.79669e-05
  0.298163 -7.67987e-05
  0.309625 -7.55823e-05
  0.321513 -7.4316e-05
  0.333844 -7.29982e-05
  0.346633 -7.16272e-05
  0.359899 -7.02011e-05
  0.373659 -6.8718e-05
  0.387931 -6.7176e-05
  0.402734 -6.55731e-05
  0.418088 -6.39072e-05
  0.434014 -6.2176e-05
  0.450532 -6.03774e-05
  0.467666 -5.8509e-05
  0.485437 -5.65683e-05
   0.50387 -5.4553e-05
  0.522989 -5.24603e-05
   0.54282 -5.02877e-05
  0.563388 -4.80324e-05
  0.584723 -4.56915e-05
  0.606852 -4.32622e-05
  0.629804 -4.07414e-05
  0.653611 -3.8126e-05
  0.678304 -3.54128e-05
  0.703917 -3.25985e-05
  0.730482 -2.96793e-05
  0.758037 -2.66516e-05
  0.786617 -2.3511e-05
  0.816262 -2.02528e-05
   0.84701 -1.68717e-05
  0.878902 -1.33619e-05
  0.911982 -9.71749e-06
  0.946293 -5.93264e-06
  0.981881 -2.00244e-06
   1.01812 2.0019e-06
   1.05371 5.9321e-06
   1.08802 9.71695e-06
    1.1211 1.33614e-05
   1.15299 1.68711e-05
   1.18374 2.02522e-05
   1.21338 2.35104e-05
   1.24196 2.66511e-05
   1.26952 2.96788e-05
   1.29608 3.25979e-05
    1.3217 3.54123e-05
   1.34639 3.81255e-05
    1.3702 4.07409e-05
   1.39315 4.32617e-05
   1.41528 4.5691e-05
   1.43661 4.80319e-05
   1.45718 5.02872e-05
   1.47701 5.24598e-05
   1.49613 5.45525e-05
   1.51456 5.65678e-05
   1.53233 5.85085e-05
   1.54947 6.03769e-05
   1.56599 6.21755e-05
   1.58191 6.39067e-05
   1.59727 6.55726e-05
   1.61207 6.71756e-05
   1.62634 6.87175e-05
    1.6401 7.02006e-05
   1.65337 7.16267e-05
   1.66616 7.29978e-05
   1.67849 7.43156e-05
   1.69038 7.55819e-05
   1.70184 7.67983e-05
   1.71289 7.79665e-05
   1.72354 7.90881e-05
   1.73381 8.01644e-05
   1.74371 8.11971e-05
   1.75326 8.21874e-05
   1.76247 8.31366e-05
   1.77134 8.40461e-05
    1.7799 8.49171e-05
   1.78815 8.57506e-05
    1.7961 8.65479e-05
   1.80377  8.731e-05
   1.81116 8.80378e-05
   1.81828 8.87325e-05
   1.82515 8.93949e-05
   1.83178 9.00258e-05
   1.83817 9.06262e-05
   1.84432 9.11967e-05
   1.85026 9.17383e-05
   1.85598 9.22515e-05
    1.8615 9.2737e-05
   1.86682 9.31954e-05
   1.87195 9.36274e-05
    1.8769 9.40334e-05
   1.88166 9.4414e-05
   1.88626 9.47696e-05
   1.89069 9.51007e-05
   1.89496 9.54075e-05
   1.89908 9.56905e-05
   1.90305 9.59499e-05
   1.90688 9.6186e-05
   1.91057 9.63989e-05
   1.91413 9.65888e-05
   1.91756 9.67558e-05
   1.92087   9.69e-05
   1.92406 9.70214e-05
   1.92714 9.71199e-05
    1.9301 9.71954e-05
   1.93296 9.72477e-05
   1.93571 9.72766e-05
   1.93837 9.72818e-05
   1.94093 9.7263e-05
    1.9434 9.72196e-05
   1.94578 9.71512e-05
   1.94808 9.70572e-05
   1.95029 9.69367e-05
   1.95242 9.6789e-05
   1.95448 9.66131e-05
   1.95646 9.6408e-05
   1.95837 9.61724e-05
   1.96022 9.5905e-05
   1.96199 9.56041e-05
   1.96371 9.5268e-05
   1.96536 9.48947e-05
   1.96695 9.4482e-05
   1.96849 9.40273e-05
   1.96997 9.35277e-05
    1.9714  9.298e-05
   1.97277 9.23804e-05
    1.9741 9.17248e-05
   1.97538 9.10084e-05
   1.97661 9.02257e-05
    1.9778 8.93704e-05
   1.97895 8.84353e-05
   1.98005 8.74121e-05
   1.98112 8.62912e-05
   1.98214 8.50614e-05
   1.98313 8.37097e-05
   1.98409 8.22209e-05
   1.98501 8.05771e-05
    1.9859 7.87574e-05
   1.98675 7.67373e-05
   1.98758 7.44879e-05
   1.98837 7.19752e-05
   1.98914 6.91602e-05
   1.98988 6.5998e-05
   1.99059 6.2439e-05
   1.99128 5.8431e-05
   1.99194 5.3925e-05
   1.99258 4.88865e-05
   1.99319 4.33144e-05
   1.99379 3.72712e-05
   1.99436 3.09184e-05
   1.99491 2.45421e-05
   1.99544 1.85352e-05
   1.99596 1.33103e-05
   1.99645 9.16393e-06
   1.99693 6.17568e-06
   1.99739 4.21551e-06
   1.99783 3.04308e-06
   1.99826 2.41713e-06
   1.99867 2.15603e-06
   1.99907 2.14743e-06
   1.99945 2.33332e-06
   1.99982 2.72928e-06
