0.000181192 0.00102004
0.000550322 0.00305086
0.000933193 0.00516172
0.00133032 0.00735206
0.00174222 0.00962022
0.00216946  0.0119623
0.00261261  0.0143705
0.00307224  0.0168311
0.00354899  0.0193226
0.00404349  0.0218167
 0.0045564  0.0242812
0.00508839  0.0266857
0.00564019   0.029007
0.00621254  0.0312309
0.00680618  0.0333523
0.00742193  0.0353725
 0.0080606  0.0372969
0.00872304   0.039133
0.00941014  0.0408889
 0.0101228  0.0425728
  0.010862  0.0441922
 0.0116287  0.0457539
  0.012424  0.0472642
 0.0132489  0.0487284
 0.0141045  0.0501513
 0.0149919  0.0515373
 0.0159123    0.05289
 0.0168671  0.0542127
 0.0178573  0.0555083
 0.0188845  0.0567794
 0.0199498  0.0580284
 0.0210548  0.0592572
  0.022201  0.0604678
 0.0233898  0.0616616
 0.0246229  0.0628404
 0.0259019  0.0640053
 0.0272284  0.0651576
 0.0286044  0.0662984
 0.0300316  0.0674288
 0.0315119  0.0685496
 0.0330473  0.0696617
 0.0346399  0.0707658
 0.0362918  0.0718628
 0.0380051  0.0729532
 0.0397822  0.0740376
 0.0416255  0.0751167
 0.0435374   0.076191
 0.0455205  0.0772609
 0.0475774  0.0783269
 0.0497108  0.0793895
 0.0519237   0.080449
  0.054219  0.0815059
 0.0565997  0.0825604
  0.059069  0.0836129
 0.0616302  0.0846638
 0.0642868  0.0857133
 0.0670422  0.0867617
 0.0699003  0.0878093
 0.0728647  0.0888563
 0.0759395   0.089903
 0.0791287  0.0909496
 0.0824367  0.0919964
 0.0858678  0.0930434
 0.0894266   0.094091
 0.0931179  0.0951393
 0.0969466  0.0961885
  0.100918  0.0972388
  0.105037  0.0982902
  0.109309  0.0993431
  0.113741   0.100398
  0.118337   0.101454
  0.123105   0.102511
   0.12805   0.103571
  0.133179   0.104633
  0.138499   0.105697
  0.144017   0.106763
   0.14974   0.107832
  0.155677   0.108903
  0.161834   0.109977
  0.168221   0.111053
  0.174845   0.112132
  0.181716   0.113214
  0.188843   0.114298
  0.196235   0.115385
  0.203902   0.116475
  0.211855   0.117568
  0.220104   0.118664
  0.228659   0.119762
  0.237534   0.120863
  0.246738   0.121967
  0.256285   0.123073
  0.266188   0.124182
  0.276459   0.125293
  0.287113   0.126407
  0.298163   0.127522
  0.309625   0.128639
  0.321513   0.129757
  0.333844   0.130877
  0.346633   0.131997
  0.359899   0.133117
  0.373659   0.134237
  0.387931   0.135355
  0.402734   0.136472
  0.418088   0.137586
  0.434014   0.138697
  0.450532   0.139802
  0.467666   0.140901
  0.485437   0.141993
   0.50387   0.143075
  0.522989   0.144145
   0.54282   0.145201
  0.563388    0.14624
  0.584723   0.147259
  0.606852   0.148255
  0.629804   0.149223
  0.653611   0.150158
  0.678304   0.151055
  0.703917   0.151909
  0.730482   0.152714
  0.758037   0.153461
  0.786617   0.154144
  0.816262   0.154756
   0.84701   0.155288
  0.878902   0.155733
  0.911982   0.156081
  0.946293   0.156324
  0.981881   0.156452
   1.01812   0.156452
   1.05371   0.156324
   1.08802   0.156081
    1.1211   0.155733
   1.15299   0.155288
   1.18374   0.154756
   1.21338   0.154145
   1.24196   0.153461
   1.26952   0.152714
   1.29608    0.15191
    1.3217   0.151056
   1.34639   0.150158
    1.3702   0.149223
   1.39315   0.148255
   1.41528   0.147259
   1.43661    0.14624
   1.45718   0.145201
   1.47701   0.144145
   1.49613   0.143075
   1.51456   0.141993
   1.53233   0.140902
   1.54947   0.139802
   1.56599   0.138697
   1.58191   0.137586
   1.59727   0.136472
   1.61207   0.135355
   1.62634   0.134237
    1.6401   0.133117
   1.65337   0.131997
   1.66616   0.130877
   1.67849   0.129758
   1.69038   0.128639
   1.70184   0.127522
   1.71289   0.126407
   1.72354   0.125294
   1.73381   0.124182
   1.74371   0.123074
   1.75326   0.121967
   1.76247   0.120863
   1.77134   0.119762
    1.7799   0.118664
   1.78815   0.117568
    1.7961   0.116475
   1.80377   0.115385
   1.81116   0.114298
   1.81828   0.113214
   1.82515   0.112132
   1.83178   0.111053
   1.83817   0.109977
   1.84432   0.108903
   1.85026   0.107832
   1.85598   0.106764
    1.8615   0.105697
   1.86682   0.104633
   1.87195   0.103571
    1.8769   0.102512
   1.88166   0.101454
   1.88626   0.100398
   1.89069  0.0993433
   1.89496  0.0982904
   1.89908  0.0972389
   1.90305  0.0961887
   1.90688  0.0951395
   1.91057  0.0940912
   1.91413  0.0930436
   1.91756  0.0919965
   1.92087  0.0909498
   1.92406  0.0899032
   1.92714  0.0888565
    1.9301  0.0878094
   1.93296  0.0867618
   1.93571  0.0857134
   1.93837  0.0846639
   1.94093  0.0836131
    1.9434  0.0825605
   1.94578   0.081506
   1.94808  0.0804491
   1.95029  0.0793896
   1.95242  0.0783271
   1.95448   0.077261
   1.95646  0.0761911
   1.95837  0.0751169
   1.96022  0.0740378
   1.96199  0.0729533
   1.96371  0.0718629
   1.96536  0.0707659
   1.96695  0.0696618
   1.96849  0.0685497
   1.96997  0.0674289
    1.9714  0.0662985
   1.97277  0.0651577
    1.9741  0.0640054
   1.97538  0.0628405
   1.97661  0.0616617
    1.9778  0.0604678
   1.97895  0.0592573
   1.98005  0.0580285
   1.98112  0.0567795
   1.98214  0.0555084
   1.98313  0.0542127
   1.98409    0.05289
   1.98501  0.0515374
    1.9859  0.0501514
   1.98675  0.0487284
   1.98758  0.0472642
   1.98837   0.045754
   1.98914  0.0441923
   1.98988  0.0425729
   1.99059   0.040889
   1.99128   0.039133
   1.99194  0.0372969
   1.99258  0.0353725
   1.99319  0.0333523
   1.99379   0.031231
   1.99436   0.029007
   1.99491  0.0266858
   1.99544  0.0242812
   1.99596  0.0218167
   1.99645  0.0193227
   1.99693  0.0168311
   1.99739  0.0143706
   1.99783  0.0119623
   1.99826 0.00962023
   1.99867 0.00735207
   1.99907 0.00516173
   1.99945 0.00305087
   1.99982 0.00102004
